{
 "frames": [
  {
   "file_path": "train/UD-38.272735554909445_LR20.938659428771828-D4.5.png",
   "transform_matrix": [
    [
     0.9339635583123118,
     -0.22135587246528013,
     -0.28055952927986494,
     -1.2625178817593952
    ],
    [
     1.5265566588595902e-16,
     0.7850712062099823,
     -0.6194055224003118,
     -2.787324850801403
    ],
    [
     0.35736825788618215,
     0.5785021857392915,
     0.7332278972804138,
     3.2995255377618626
    ],
    [
     0.0,
     0.0,
     0.0,
     1.0
    ]
   ],
   "rotation_degree": [
    38.272735554909445,
    -20.938659428771796,
    1.0216313002225161e-14
   ],
   "translation": [
    -1.2625178817593952,
    -2.787324850801403,
    3.2995255377618626
   ]
  },
  {
   "file_path": "train/UD-7.959340146431273_LR-19.645596584472454-D4.5.png",
   "transform_matrix": [
    [
     0.9417901986158097,
     0.046553883894560194,
     0.33296239680409256,
     1.4983307856184134
    ],
    [
     1.630640067418199e-16,
     0.9903665833404558,
     -0.1384703239057094,
     -0.6231164575756922
    ],
    [
     -0.3362011626856668,
     0.13040999385355354,
     0.9327175412266686,
     4.19722893552001
    ],
    [
     0.0,
     0.0,
     0.0,
     1.0
    ]
   ],
   "rotation_degree": [
    7.959340146431275,
    19.645596584472496,
    1.0553553640908153e-14
   ],
   "translation": [
    1.4983307856184134,
    -0.6231164575756922,
    4.19722893552001
   ]
  },
  {
   "file_path": "train/UD-0.5482437927885329_LR25.43977513864622-D4.5.png",
   "transform_matrix": [
    [
     0.9030373053901194,
     -0.00411027095921139,
     -0.4295424667554933,
     -1.932941100399716
    ],
    [
     -3.903127820947816e-18,
     0.9999542207290116,
     -0.009568513271920287,
     -0.04305830972364133
    ],
    [
     0.42956213179673114,
     0.008640724441664494,
     0.9029959650006034,
     4.063481842502718
    ],
    [
     0.0,
     0.0,
     0.0,
     1.0
    ]
   ],
   "rotation_degree": [
    0.5482437927885326,
    -25.43977513864628,
    -2.4764508587360344e-16
   ],
   "translation": [
    -1.932941100399716,
    -0.04305830972364133,
    4.063481842502718
   ]
  },
  {
   "file_path": "train/UD-41.28161797062707_LR-4.272129848363388-D4.5.png",
   "transform_matrix": [
    [
     0.9972214871469693,
     0.049147983281828456,
     0.055980186778148755,
     0.25191084050166784
    ],
    [
     1.2836953722228375e-16,
     0.7514758411488252,
     -0.6597606082282161,
     -2.9689227370269733
    ],
    [
     -0.07449366128998704,
     0.6579274548983305,
     0.749387855865451,
     3.3722453513945294
    ],
    [
     0.0,
     0.0,
     0.0,
     1.0
    ]
   ],
   "rotation_degree": [
    41.28161797062706,
    4.272129848363406,
    7.774202758353476e-15
   ],
   "translation": [
    0.25191084050166784,
    -2.9689227370269733,
    3.3722453513945294
   ]
  },
  {
   "file_path": "train/UD-23.40427463764517_LR-2.270261043309077-D4.5.png",
   "transform_matrix": [
    [
     0.999215090633731,
     0.0157349962489392,
     0.03635398936664815,
     0.16359295214991543
    ],
    [
     5.03069808033274e-17,
     0.9177249933152436,
     -0.39721635999104565,
     -1.7874736199597066
    ],
    [
     -0.039613162582965995,
     0.3969045811496535,
     0.9170046623723312,
     4.126520980675491
    ],
    [
     0.0,
     0.0,
     0.0,
     1.0
    ]
   ],
   "rotation_degree": [
    23.404274637645155,
    2.2702610433090915,
    2.6857010443895814e-15
   ],
   "translation": [
    0.16359295214991543,
    -1.7874736199597066,
    4.126520980675491
   ]
  },
  {
   "file_path": "train/UD8.120200986217952_LR9.810353146290794-D4.5.png",
   "transform_matrix": [
    [
     0.985377126137086,
     0.024067289927164698,
     -0.16867923654492595,
     -0.759056564452168
    ],
    [
     -1.0408340855860841e-17,
     0.9899739181118138,
     0.14125027949828545,
     0.6356262577422851
    ],
    [
     0.1703875561354681,
     -0.13918479447808071,
     0.9754976543796897,
     4.389739444708605
    ],
    [
     0.0,
     0.0,
     0.0,
     1.0
    ]
   ],
   "rotation_degree": [
    -8.120200986217947,
    -9.81035314629078,
    -9.07805732885631e-16
   ],
   "translation": [
    -0.759056564452168,
    0.6356262577422851,
    4.389739444708605
   ]
  },
  {
   "file_path": "train/UD28.101938641826322_LR12.204329994048408-D4.5.png",
   "transform_matrix": [
    [
     0.9773999211195323,
     0.09957759100063968,
     -0.1864770698129965,
     -0.8391468141584824
    ],
    [
     -4.857225732735059e-17,
     0.8821109285040696,
     0.47104172831468843,
     2.119687777416098
    ],
    [
     0.2113986617638149,
     -0.46039614809878465,
     0.8621751519385551,
     3.879788183723497
    ],
    [
     0.0,
     0.0,
     0.0,
     1.0
    ]
   ],
   "rotation_degree": [
    -28.10193864182631,
    -12.20432999404842,
    -3.2540975426112675e-15
   ],
   "translation": [
    -0.8391468141584824,
    2.119687777416098,
    3.879788183723497
   ]
  },
  {
   "file_path": "train/UD-41.8186529698363_LR15.550536138603363-D4.5.png",
   "transform_matrix": [
    [
     0.9633943682752908,
     -0.17875455430774848,
     -0.19979514631164594,
     -0.8990781584024059
    ],
    [
     -5.551115123125784e-17,
     0.7452589667106198,
     -0.6667751289133538,
     -3.0004880801100917
    ],
    [
     0.2680882152864124,
     0.6423674041011559,
     0.7179782914356734,
     3.2309023114605298
    ],
    [
     0.0,
     0.0,
     0.0,
     1.0
    ]
   ],
   "rotation_degree": [
    41.8186529698363,
    -15.550536138603364,
    -3.3014046855572556e-15
   ],
   "translation": [
    -0.8990781584024059,
    -3.0004880801100917,
    3.2309023114605298
   ]
  },
  {
   "file_path": "train/UD-14.307646482657344_LR17.293148661401915-D4.5.png",
   "transform_matrix": [
    [
     0.9547963522932618,
     -0.07346154167614029,
     -0.2880404963577972,
     -1.2961822336100899
    ],
    [
     8.326672684688673e-17,
     0.9689827592036114,
     -0.247128331775528,
     -1.1120774929898751
    ],
    [
     0.2972607031672392,
     0.235957229727593,
     0.9251812039226686,
     4.163315417652008
    ],
    [
     0.0,
     0.0,
     0.0,
     1.0
    ]
   ],
   "rotation_degree": [
    14.30764648265735,
    -17.29314866140189,
    4.996701140234283e-15
   ],
   "translation": [
    -1.2961822336100899,
    -1.1120774929898751,
    4.163315417652008
   ]
  },
  {
   "file_path": "train/UD-13.310829066865846_LR-24.385480403223468-D4.5.png",
   "transform_matrix": [
    [
     0.9107883183274312,
     0.09505741106224148,
     0.4017819406101199,
     1.8080187327455362
    ],
    [
     2.0816681711721685e-17,
     0.9731353753343889,
     -0.2302336666797406,
     -1.036051500058833
    ],
    [
     -0.41287363587215137,
     0.20969413409759927,
     0.8863203320057418,
     3.9884414940258393
    ],
    [
     0.0,
     0.0,
     0.0,
     1.0
    ]
   ],
   "rotation_degree": [
    13.31082906686584,
    24.385480403223507,
    4.3651123667575655e-16
   ],
   "translation": [
    1.8080187327455362,
    -1.036051500058833,
    3.9884414940258393
   ]
  },
  {
   "file_path": "train/UD7.346679004717792_LR11.40972015864314-D4.5.png",
   "transform_matrix": [
    [
     0.9802376281903348,
     0.025296235971760415,
     -0.19619962468222926,
     -0.882898311070032
    ],
    [
     -9.367506770274756e-17,
     0.9917905935896416,
     0.1278726650504557,
     0.5754269927270503
    ],
    [
     0.19782363933510724,
     -0.1253455978994358,
     0.9721904591217949,
     4.374857066048077
    ],
    [
     0.0,
     0.0,
     0.0,
     1.0
    ]
   ],
   "rotation_degree": [
    -7.346679004717793,
    -11.40972015864313,
    -5.678185097665316e-15
   ],
   "translation": [
    -0.882898311070032,
    0.5754269927270503,
    4.374857066048077
   ]
  },
  {
   "file_path": "train/UD-8.210133963070668_LR22.693362966742924-D4.5.png",
   "transform_matrix": [
    [
     0.9225827858827481,
     -0.055093663107750275,
     -0.3818451145139834,
     -1.7183030153129264
    ],
    [
     -6.245004513516506e-17,
     0.9897509885009071,
     -0.14280399420701492,
     -0.6426179739315673
    ],
    [
     0.38579917469173963,
     0.13174850681069167,
     0.9131272243013704,
     4.109072509356168
    ],
    [
     0.0,
     0.0,
     0.0,
     1.0
    ]
   ],
   "rotation_degree": [
    8.210133963070668,
    -22.693362966742903,
    -3.2319809772073972e-15
   ],
   "translation": [
    -1.7183030153129264,
    -0.6426179739315673,
    4.109072509356168
   ]
  },
  {
   "file_path": "train/UD-35.50653396690339_LR-20.595411581274924-D4.5.png",
   "transform_matrix": [
    [
     0.9360877092770629,
     0.20430461066997396,
     0.28635542006292014,
     1.2885993902831416
    ],
    [
     8.326672684688674e-17,
     0.8140492901414712,
     -0.580795793046202,
     -2.6135810687079086
    ],
    [
     -0.351766684807446,
     0.5436758034703744,
     0.7620215352471489,
     3.4290969086121708
    ],
    [
     0.0,
     0.0,
     0.0,
     1.0
    ]
   ],
   "rotation_degree": [
    35.50653396690341,
    20.595411581274917,
    5.096565177508603e-15
   ],
   "translation": [
    1.2885993902831416,
    -2.6135810687079086,
    3.4290969086121708
   ]
  },
  {
   "file_path": "train/UD-26.694666108033285_LR16.71993692989411-D4.5.png",
   "transform_matrix": [
    [
     0.9577224454376787,
     -0.12924235884555504,
     -0.25702943447183313,
     -1.1566324551232476
    ],
    [
     1.3877787807814463e-17,
     0.893413213348998,
     -0.44923582917374066,
     -2.0215612312818316
    ],
    [
     0.2876937912171092,
     0.430243236894498,
     0.8556418874749365,
     3.8503884936372135
    ],
    [
     0.0,
     0.0,
     0.0,
     1.0
    ]
   ],
   "rotation_degree": [
    26.694666108033296,
    -16.71993692989412,
    2.4907174541654448e-15
   ],
   "translation": [
    -1.1566324551232476,
    -2.0215612312818316,
    3.8503884936372135
   ]
  },
  {
   "file_path": "train/UD-29.431806601514594_LR-4.20006536883567-D4.5.png",
   "transform_matrix": [
    [
     0.9973143936662465,
     0.035988880146455515,
     0.06378715146431121,
     0.2870421815893987
    ],
    [
     3.608224830031759e-16,
     0.8709411615319268,
     -0.49138731480311776,
     -2.211242916614031
    ],
    [
     -0.07323933496507816,
     0.4900676419181564,
     0.8686021564321903,
     3.908709703944855
    ],
    [
     0.0,
     0.0,
     0.0,
     1.0
    ]
   ],
   "rotation_degree": [
    29.431806601514584,
    4.200065368835691,
    2.112791602980445e-14
   ],
   "translation": [
    0.2870421815893987,
    -2.211242916614031,
    3.908709703944855
   ]
  },
  {
   "file_path": "train/UD-12.540534678289461_LR-11.773304513627485-D4.5.png",
   "transform_matrix": [
    [
     0.9789625621549594,
     0.04430324646233925,
     0.19917209707158845,
     0.8962744368221484
    ],
    [
     2.775557561562891e-17,
     0.9761426396644323,
     -0.21713025360127514,
     -0.9770861412057378
    ],
    [
     -0.20403995172268846,
     0.21256238938686045,
     0.955607099554598,
     4.300231947995692
    ],
    [
     0.0,
     0.0,
     0.0,
     1.0
    ]
   ],
   "rotation_degree": [
    12.54053467828947,
    11.773304513627487,
    2.0305645514563027e-15
   ],
   "translation": [
    0.8962744368221484,
    -0.9770861412057378,
    4.300231947995692
   ]
  },
  {
   "file_path": "train/UD-5.371852750302445_LR25.453007411363522-D4.5.png",
   "transform_matrix": [
    [
     0.9029380753404861,
     -0.04023479528116656,
     -0.42788315385055925,
     -1.9254741923275154
    ],
    [
     -4.85722573273506e-17,
     0.9956080763228935,
     -0.09361922003855805,
     -0.42128649017351133
    ],
    [
     0.4297706738487617,
     0.0845323583564931,
     0.8989724402284369,
     4.045375981027967
    ],
    [
     0.0,
     0.0,
     0.0,
     1.0
    ]
   ],
   "rotation_degree": [
    5.371852750302444,
    -25.45300741136353,
    -2.421684723707789e-15
   ],
   "translation": [
    -1.9254741923275154,
    -0.42128649017351133,
    4.045375981027967
   ]
  },
  {
   "file_path": "train/UD29.226428220689925_LR-7.126157410186757-D4.5.png",
   "transform_matrix": [
    [
     0.9922754063308687,
     -0.06057112746428184,
     0.10826198090102988,
     0.4871789140546335
    ],
    [
     -1.457167719820518e-16,
     0.8726969545301185,
     0.48826225079751573,
     2.197180128588821
    ],
    [
     -0.12405449605278013,
     -0.4844906233061295,
     0.8659557251600849,
     3.896800763220383
    ],
    [
     0.0,
     0.0,
     0.0,
     1.0
    ]
   ],
   "rotation_degree": [
    -29.22642822068992,
    7.126157410186771,
    -8.614282538796496e-15
   ],
   "translation": [
    0.4871789140546335,
    2.197180128588821,
    3.896800763220383
   ]
  },
  {
   "file_path": "train/UD17.73368323835229_LR-20.21895675726283-D4.5.png",
   "transform_matrix": [
    [
     0.9383787267819453,
     -0.10527000857056806,
     0.3291862549054076,
     1.4813381470743345
    ],
    [
     0.0,
     0.9524825806474811,
     0.3045930622373321,
     1.370668780067994
    ],
    [
     -0.34560868785824156,
     -0.28582364992888154,
     0.8937893913099646,
     4.0220522608948395
    ],
    [
     0.0,
     0.0,
     0.0,
     1.0
    ]
   ],
   "rotation_degree": [
    -17.7336832383523,
    20.218956757262827,
    0.0
   ],
   "translation": [
    1.4813381470743345,
    1.370668780067994,
    4.0220522608948395
   ]
  },
  {
   "file_path": "train/UD25.627874809395365_LR25.62253559035453-D4.5.png",
   "transform_matrix": [
    [
     0.9016625085773953,
     0.1870410548338182,
     -0.3898978897513693,
     -1.7545405038811583
    ],
    [
     2.775557561562891e-16,
     0.901622206857563,
     0.43252444566902565,
     1.9463600055106165
    ],
    [
     0.4324404243660834,
     -0.3899910767029811,
     0.8129589408242776,
     3.65831523370925
    ],
    [
     0.0,
     0.0,
     0.0,
     1.0
    ]
   ],
   "rotation_degree": [
    -25.627874809395358,
    -25.62253559035458,
    1.7637168293054903e-14
   ],
   "translation": [
    -1.7545405038811583,
    1.9463600055106165,
    3.65831523370925
   ]
  },
  {
   "file_path": "train/UD30.14121265252092_LR-9.523653855972746-D4.5.png",
   "transform_matrix": [
    [
     0.986217379621772,
     -0.0830802835701404,
     0.1430837049208299,
     0.6438766721437341
    ],
    [
     2.775557561562892e-17,
     0.8647904618836815,
     0.502132907739584,
     2.2595980848281267
    ],
    [
     -0.1654547676314166,
     -0.49521220049279335,
     0.852871383240826,
     3.837921224583716
    ],
    [
     0.0,
     0.0,
     0.0,
     1.0
    ]
   ],
   "rotation_degree": [
    -30.14121265252093,
    9.523653855972755,
    1.2093763811039702e-15
   ],
   "translation": [
    0.6438766721437341,
    2.2595980848281267,
    3.837921224583716
   ]
  },
  {
   "file_path": "train/UD25.919283473594476_LR-19.667666357134998-D4.5.png",
   "transform_matrix": [
    [
     0.9416606273591402,
     -0.14711360424458278,
     0.3027091844126283,
     1.3621913298568276
    ],
    [
     -5.551115123125783e-17,
     0.8994107179543332,
     0.43710451888406604,
     1.9669703349782965
    ],
    [
     -0.3365639060885619,
     -0.4116041154738848,
     0.8469396609224122,
     3.8112284741508557
    ],
    [
     0.0,
     0.0,
     0.0,
     1.0
    ]
   ],
   "rotation_degree": [
    -25.919283473594486,
    19.667666357135,
    -3.3776018546971527e-15
   ],
   "translation": [
    1.3621913298568276,
    1.9669703349782965,
    3.8112284741508557
   ]
  },
  {
   "file_path": "train/UD-42.95715627637996_LR12.029833180997073-D4.5.png",
   "transform_matrix": [
    [
     0.9780392111799985,
     -0.14202873983047487,
     -0.1525356956799739,
     -0.6864106305598846
    ],
    [
     1.3877787807814457e-17,
     0.7318634709527203,
     -0.6814512894441075,
     -3.066530802498483
    ],
    [
     0.2084209715801323,
     0.6664860815855077,
     0.7157911718220542,
     3.221060273199244
    ],
    [
     0.0,
     0.0,
     0.0,
     1.0
    ]
   ],
   "rotation_degree": [
    42.95715627637997,
    -12.029833180997038,
    8.129926298216094e-16
   ],
   "translation": [
    -0.6864106305598846,
    -3.066530802498483,
    3.221060273199244
   ]
  },
  {
   "file_path": "train/UD-43.67730922413098_LR2.674551360288529-D4.5.png",
   "transform_matrix": [
    [
     0.9989106993520154,
     -0.03222512878850882,
     -0.0337484191427037,
     -0.15186788614216662
    ],
    [
     3.469446951953614e-17,
     0.7232406985045681,
     -0.6905960411315901,
     -3.107682185092156
    ],
    [
     0.04666277660049377,
     0.6898437744164899,
     0.722452871943038,
     3.25103792374367
    ],
    [
     0.0,
     0.0,
     0.0,
     1.0
    ]
   ],
   "rotation_degree": [
    43.67730922413098,
    -2.674551360288532,
    1.7910129599009973e-15
   ],
   "translation": [
    -0.15186788614216662,
    -3.107682185092156,
    3.25103792374367
   ]
  },
  {
   "file_path": "train/UD-37.95443014477851_LR7.526322476199127-D4.5.png",
   "transform_matrix": [
    [
     0.9913847912041834,
     -0.08055824634529148,
     -0.10327906232537637,
     -0.4647557804641964
    ],
    [
     1.1796119636642288e-16,
     0.7885001669869044,
     -0.6150345410313339,
     -2.7676554346410023
    ],
    [
     0.1309816619570757,
     0.6097358900437096,
     0.781707073412776,
     3.517681830357493
    ],
    [
     0.0,
     0.0,
     0.0,
     1.0
    ]
   ],
   "rotation_degree": [
    37.95443014477852,
    -7.526322476199085,
    7.21843636979804e-15
   ],
   "translation": [
    -0.4647557804641964,
    -2.7676554346410023,
    3.517681830357493
   ]
  },
  {
   "file_path": "train/UD-33.366965170732094_LR-10.035715378682609-D4.5.png",
   "transform_matrix": [
    [
     0.9846993179308245,
     0.09584399219373557,
     0.1455375636285563,
     0.6549190363285037
    ],
    [
     -3.469446951953614e-17,
     0.8351651132568708,
     -0.5499993032710478,
     -2.474996864719716
    ],
    [
     -0.1742620247402426,
     0.5415839387934295,
     0.8223865173836605,
     3.7007393282264722
    ],
    [
     0.0,
     0.0,
     0.0,
     1.0
    ]
   ],
   "rotation_degree": [
    33.36696517073208,
    10.035715378682605,
    -2.0187346936441614e-15
   ],
   "translation": [
    0.6549190363285037,
    -2.474996864719716,
    3.7007393282264722
   ]
  },
  {
   "file_path": "train/UD-30.17212330539955_LR23.17682578030154-D4.5.png",
   "transform_matrix": [
    [
     0.9192946003486874,
     -0.19780809836979074,
     -0.3402490176166197,
     -1.5311205792747853
    ],
    [
     -9.714451465470122e-17,
     0.8645194390257619,
     -0.5025993827558703,
     -2.261697222401418
    ],
    [
     0.393570117983756,
     0.46203689870605474,
     0.7947480521928589,
     3.576366234867866
    ],
    [
     0.0,
     0.0,
     0.0,
     1.0
    ]
   ],
   "rotation_degree": [
    30.17212330539953,
    -23.176825780301584,
    -6.0546104485439055e-15
   ],
   "translation": [
    -1.5311205792747853,
    -2.261697222401418,
    3.576366234867866
   ]
  },
  {
   "file_path": "train/UD-23.1377563101986_LR19.48960174090673-D4.5.png",
   "transform_matrix": [
    [
     0.9427020561247664,
     -0.1310999001369153,
     -0.3067990377465825,
     -1.3805956698596176
    ],
    [
     -1.6653345369377353e-16,
     0.919562758481459,
     -0.39294316791868317,
     -1.7682442556340743
    ],
    [
     0.33363577952332707,
     0.3704283323371219,
     0.8668737031562331,
     3.9009316642030494
    ],
    [
     0.0,
     0.0,
     0.0,
     1.0
    ]
   ],
   "rotation_degree": [
    23.137756310198593,
    -19.48960174090676,
    -9.278143945054761e-15
   ],
   "translation": [
    -1.3805956698596176,
    -1.7682442556340743,
    3.9009316642030494
   ]
  },
  {
   "file_path": "train/UD-34.6026980732769_LR-16.044869871191704-D4.5.png",
   "transform_matrix": [
    [
     0.9610455421432931,
     0.15695708062018407,
     0.22749932037193596,
     1.0237469416737157
    ],
    [
     -2.0816681711721683e-16,
     0.8231096277109922,
     -0.5678825061308653,
     -2.555471277588893
    ],
    [
     -0.2763900611934222,
     0.5457609509782295,
     0.7910458384068745,
     3.559706272830935
    ],
    [
     0.0,
     0.0,
     0.0,
     1.0
    ]
   ],
   "rotation_degree": [
    34.602698073276905,
    16.044869871191658,
    -1.5719998766405114e-14
   ],
   "translation": [
    1.0237469416737157,
    -2.555471277588893,
    3.559706272830935
   ]
  },
  {
   "file_path": "train/UD22.134244060819412_LR-10.450770237240635-D4.5.png",
   "transform_matrix": [
    [
     0.9834111252675667,
     -0.06834398874004453,
     0.16802278983244603,
     0.7561025542460076
    ],
    [
     -6.938893903907227e-18,
     0.9263036068406765,
     0.37677795576964557,
     1.695500800963406
    ],
    [
     -0.18139062461984545,
     -0.3705276334594408,
     0.9109372723425955,
     4.099217725541681
    ],
    [
     0.0,
     0.0,
     0.0,
     1.0
    ]
   ],
   "rotation_degree": [
    -22.134244060819405,
    10.45077023724063,
    4.0427581605279153e-16
   ],
   "translation": [
    0.7561025542460076,
    1.695500800963406,
    4.099217725541681
   ]
  },
  {
   "file_path": "train/UD-41.50300703659738_LR-23.330367973664494-D4.5.png",
   "transform_matrix": [
    [
     0.91823660487354,
     0.26243447049178237,
     0.2965968411295251,
     1.3346857850828617
    ],
    [
     -8.326672684688677e-17,
     0.7489209436753951,
     -0.662659354513581,
     -2.9819670953111146
    ],
    [
     -0.39603224296806316,
     0.608478075876242,
     0.6876866246391823,
     3.09458981087632
    ],
    [
     0.0,
     0.0,
     0.0,
     1.0
    ]
   ],
   "rotation_degree": [
    41.503007036597374,
    23.330367973664515,
    -3.4637637669667346e-15
   ],
   "translation": [
    1.3346857850828617,
    -2.9819670953111146,
    3.09458981087632
   ]
  },
  {
   "file_path": "train/UD17.425110395417555_LR19.313880555723202-D4.5.png",
   "transform_matrix": [
    [
     0.9437208530086046,
     0.09904396630567852,
     -0.3155649605630373,
     -1.4200423225336658
    ],
    [
     7.632783294297951e-17,
     0.9541091795380638,
     0.2994589680093127,
     1.3475653560419083
    ],
    [
     0.33074302955120866,
     -0.2826056727308251,
     0.9004127287770014,
     4.051857279496507
    ],
    [
     0.0,
     0.0,
     0.0,
     1.0
    ]
   ],
   "rotation_degree": [
    -17.425110395417548,
    -19.313880555723223,
    3.370228252691283e-15
   ],
   "translation": [
    -1.4200423225336658,
    1.3475653560419083,
    4.051857279496507
   ]
  },
  {
   "file_path": "train/UD-19.019438120409305_LR20.10600565761564-D4.5.png",
   "transform_matrix": [
    [
     0.9390582250424977,
     -0.11202696190706612,
     -0.32499170725713344,
     -1.4624626826570994
    ],
    [
     3.330669073875469e-16,
     0.9454080691962238,
     -0.32588891159207645,
     -1.4665001021643447
    ],
    [
     0.34375812714761167,
     0.3060286628806867,
     0.8877932234002607,
     3.995069505301174
    ],
    [
     0.0,
     0.0,
     0.0,
     1.0
    ]
   ],
   "rotation_degree": [
    19.01943812040929,
    -20.10600565761566,
    2.0745143277012903e-14
   ],
   "translation": [
    -1.4624626826570994,
    -1.4665001021643447,
    3.995069505301174
   ]
  },
  {
   "file_path": "train/UD-22.290955434594785_LR12.645264642951396-D4.5.png",
   "transform_matrix": [
    [
     0.9757441205277451,
     -0.0830363542656152,
     -0.2025546225733008,
     -0.9114958015798568
    ],
    [
     3.330669073875469e-16,
     0.9252696068380062,
     -0.37931010355887146,
     -1.7068954660149198
    ],
    [
     0.21891416412726036,
     0.37010960340433896,
     0.9028263787752028,
     4.062718704488413
    ],
    [
     0.0,
     0.0,
     0.0,
     1.0
    ]
   ],
   "rotation_degree": [
    22.290955434594814,
    -12.645264642951359,
    1.8335360374557917e-14
   ],
   "translation": [
    -0.9114958015798568,
    -1.7068954660149198,
    4.062718704488413
   ]
  },
  {
   "file_path": "train/UD-23.288388147607375_LR0.8054721089602097-D4.5.png",
   "transform_matrix": [
    [
     0.999901185972582,
     -0.005557834258340799,
     -0.012912349475661715,
     -0.05810557264048072
    ],
    [
     1.370431546021678e-16,
     0.9185265257324351,
     -0.3953593574533211,
     -1.7791171085399433
    ],
    [
     0.014057677284132255,
     0.3953202904029336,
     0.918435762427137,
     4.132960930922115
    ],
    [
     0.0,
     0.0,
     0.0,
     1.0
    ]
   ],
   "rotation_degree": [
    23.288388147607392,
    -0.8054721089601644,
    7.778218716633787e-15
   ],
   "translation": [
    -0.05810557264048072,
    -1.7791171085399433,
    4.132960930922115
   ]
  },
  {
   "file_path": "train/UD-21.21665488241832_LR3.374444229244066-D4.5.png",
   "transform_matrix": [
    [
     0.9982661811862888,
     -0.02130157844177143,
     -0.054871433876221315,
     -0.24692145244299735
    ],
    [
     -1.9081958235744878e-16,
     0.9322186438813675,
     -0.3618955650460289,
     -1.6285300427071294
    ],
    [
     0.058861120442474324,
     0.36126810370675355,
     0.9306023456581135,
     4.187710555461511
    ],
    [
     0.0,
     0.0,
     0.0,
     1.0
    ]
   ],
   "rotation_degree": [
    21.216654882418336,
    -3.3744442292440344,
    -1.1151275676687429e-14
   ],
   "translation": [
    -0.24692145244299735,
    -1.6285300427071294,
    4.187710555461511
   ]
  },
  {
   "file_path": "train/UD0.30344698990758445_LR-13.39548256734381-D4.5.png",
   "transform_matrix": [
    [
     0.9727941471345583,
     -0.0012269595039899025,
     0.2316679560731754,
     1.0425058023292895
    ],
    [
     6.1799523831673745e-18,
     0.9999859754352473,
     0.005296124320401641,
     0.023832559441807365
    ],
    [
     -0.23167120516099352,
     -0.005152038741383707,
     0.9727805041200507,
     4.377512268540229
    ],
    [
     0.0,
     0.0,
     0.0,
     1.0
    ]
   ],
   "rotation_degree": [
    -0.3034469899075847,
    13.39548256734381,
    3.7675928864431814e-16
   ],
   "translation": [
    1.0425058023292895,
    0.023832559441807365,
    4.377512268540229
   ]
  },
  {
   "file_path": "train/UD27.28054766027067_LR23.51549427727832-D4.5.png",
   "transform_matrix": [
    [
     0.9169522086769869,
     0.1828794350471032,
     -0.35461776497977054,
     -1.5957799424089676
    ],
    [
     -1.1102230246251565e-16,
     0.8887728963451247,
     0.45834783595245454,
     2.0625652617860455
    ],
    [
     0.3989970513705526,
     -0.4202830605189205,
     0.8149622703159048,
     3.6673302164215715
    ],
    [
     0.0,
     0.0,
     0.0,
     1.0
    ]
   ],
   "rotation_degree": [
    -27.28054766027067,
    -23.51549427727832,
    -6.070077196926049e-15
   ],
   "translation": [
    -1.5957799424089676,
    2.0625652617860455,
    3.6673302164215715
   ]
  },
  {
   "file_path": "train/UD-41.08381970090822_LR-1.5827756892976694-D4.5.png",
   "transform_matrix": [
    [
     0.9996184637004609,
     0.018151570917281926,
     0.020819402065500568,
     0.09368730929475276
    ],
    [
     -1.7347234759768068e-17,
     0.7537490046872232,
     -0.657162413664248,
     -2.9572308614891165
    ],
    [
     -0.027621133740852937,
     0.6569116823487424,
     0.7534614220811936,
     3.3905763993653717
    ],
    [
     0.0,
     0.0,
     0.0,
     1.0
    ]
   ],
   "rotation_degree": [
    41.08381970090822,
    1.5827756892976694,
    -8.948724304772978e-16
   ],
   "translation": [
    0.09368730929475276,
    -2.9572308614891165,
    3.3905763993653717
   ]
  },
  {
   "file_path": "train/UD-35.493341652237376_LR14.902298143549544-D4.5.png",
   "transform_matrix": [
    [
     0.9663657649035033,
     -0.14931595019109772,
     -0.2093847067982677,
     -0.9422311805922041
    ],
    [
     -1.942890293094024e-16,
     0.8141829964023836,
     -0.5806083433513822,
     -2.6127375450812207
    ],
    [
     0.25717155445823886,
     0.5610800258321146,
     0.7867985740898155,
     3.5405935834041697
    ],
    [
     0.0,
     0.0,
     0.0,
     1.0
    ]
   ],
   "rotation_degree": [
    35.493341652237376,
    -14.902298143549544,
    -1.1519387161065138e-14
   ],
   "translation": [
    -0.9422311805922041,
    -2.6127375450812207,
    3.5405935834041697
   ]
  },
  {
   "file_path": "train/UD-30.136297308926732_LR-1.5365823709692705-D4.5.png",
   "transform_matrix": [
    [
     0.9996404076845741,
     0.013462808386680122,
     0.023190690256267393,
     0.10435810615320046
    ],
    [
     2.255140518769849e-16,
     0.8648335361459767,
     -0.5020587164438499,
     -2.259264223997325
    ],
    [
     -0.026815206958339888,
     0.501878179987524,
     0.864522548652256,
     3.8903514689351506
    ],
    [
     0.0,
     0.0,
     0.0,
     1.0
    ]
   ],
   "rotation_degree": [
    30.136297308926714,
    1.5365823709693027,
    1.2875937314659925e-14
   ],
   "translation": [
    0.10435810615320046,
    -2.259264223997325,
    3.8903514689351506
   ]
  },
  {
   "file_path": "train/UD23.84300411964726_LR4.79538206633341-D4.5.png",
   "transform_matrix": [
    [
     0.9964996002919853,
     0.03379278890909207,
     -0.07646302397668481,
     -0.3440836078950805
    ],
    [
     3.122502256758253e-17,
     0.9146565237971789,
     0.4042319179323433,
     1.8190436306955458
    ],
    [
     0.08359752758253997,
     -0.4028169446448427,
     0.9114548603683454,
     4.101546871657554
    ],
    [
     0.0,
     0.0,
     0.0,
     1.0
    ]
   ],
   "rotation_degree": [
    -23.84300411964725,
    -4.795382066333423,
    1.9948293760802687e-15
   ],
   "translation": [
    -0.3440836078950805,
    1.8190436306955458,
    4.101546871657554
   ]
  },
  {
   "file_path": "train/UD-20.421258517894707_LR20.309814011950806-D4.5.png",
   "transform_matrix": [
    [
     0.937829495348766,
     -0.12110876414417189,
     -0.32528219272095127,
     -1.463769867244283
    ],
    [
     5.551115123125783e-17,
     0.9371525938987413,
     -0.34891978411786934,
     -1.5701390285304118
    ],
    [
     0.3470962944974763,
     0.32722726505646177,
     0.8788893442008436,
     3.9550020489037965
    ],
    [
     0.0,
     0.0,
     0.0,
     1.0
    ]
   ],
   "rotation_degree": [
    20.42125851789471,
    -20.30981401195078,
    5.0870995696515896e-15
   ],
   "translation": [
    -1.463769867244283,
    -1.5701390285304118,
    3.9550020489037965
   ]
  },
  {
   "file_path": "train/UD-6.882099294846675_LR-22.249716443940073-D4.5.png",
   "transform_matrix": [
    [
     0.9255423779332637,
     0.04537165387414092,
     0.3759158412123188,
     1.6916212854554318
    ],
    [
     2.775557561562892e-17,
     0.9927948273784808,
     -0.11982666952950377,
     -0.539220012882767
    ],
    [
     -0.37864403686000414,
     0.11090466065616028,
     0.9188736853317228,
     4.134931583992753
    ],
    [
     0.0,
     0.0,
     0.0,
     1.0
    ]
   ],
   "rotation_degree": [
    6.882099294846676,
    22.249716443940105,
    1.932987674014673e-15
   ],
   "translation": [
    1.6916212854554318,
    -0.539220012882767,
    4.134931583992753
   ]
  },
  {
   "file_path": "train/UD-25.213112718953752_LR-20.576374888068145-D4.5.png",
   "transform_matrix": [
    [
     0.9362045331341832,
     0.14971531170043403,
     0.317972322036758,
     1.4308754491654117
    ],
    [
     9.714451465470118e-17,
     0.9047295848712232,
     -0.42598635924022704,
     -1.9169386165810216
    ],
    [
     -0.3514556474706387,
     0.39881036057402725,
     0.847011938617047,
     3.811553723776712
    ],
    [
     0.0,
     0.0,
     0.0,
     1.0
    ]
   ],
   "rotation_degree": [
    25.213112718953756,
    20.576374888068134,
    5.095929204939545e-15
   ],
   "translation": [
    1.4308754491654117,
    -1.9169386165810216,
    3.811553723776712
   ]
  },
  {
   "file_path": "train/UD-19.49695133249654_LR8.802653710336386-D4.5.png",
   "transform_matrix": [
    [
     0.9882212946972397,
     -0.05107532433745171,
     -0.14425665998745243,
     -0.6491549699435332
    ],
    [
     4.85722573273506e-17,
     0.9426592513823063,
     -0.3337567014808088,
     -1.5019051566636392
    ],
    [
     0.1530316068886142,
     0.3298254796512449,
     0.9315559458593536,
     4.192001756367092
    ],
    [
     0.0,
     0.0,
     0.0,
     1.0
    ]
   ],
   "rotation_degree": [
    19.49695133249654,
    -8.802653710336426,
    2.615002016811251e-15
   ],
   "translation": [
    -0.6491549699435332,
    -1.5019051566636392,
    4.192001756367092
   ]
  },
  {
   "file_path": "train/UD-23.501832289871388_LR-22.607503969846785-D4.5.png",
   "transform_matrix": [
    [
     0.923159878428537,
     0.15329688803702268,
     0.3525278754623157,
     1.586375439580418
    ],
    [
     3.469446951953615e-16,
     0.9170473221238897,
     -0.39877839583583646,
     -1.7945027812612635
    ],
    [
     -0.3844162312647705,
     0.3681362154197377,
     0.8465812944051053,
     3.8096158248229735
    ],
    [
     0.0,
     0.0,
     0.0,
     1.0
    ]
   ],
   "rotation_degree": [
    23.501832289871395,
    22.60750396984681,
    2.325571615658194e-14
   ],
   "translation": [
    1.586375439580418,
    -1.7945027812612635,
    3.8096158248229735
   ]
  },
  {
   "file_path": "train/UD25.34655173055731_LR-16.347101769595753-D4.5.png",
   "transform_matrix": [
    [
     0.9595742369164338,
     -0.12048898941599695,
     0.2543613321158613,
     1.1446259945213768
    ],
    [
     6.938893903907228e-17,
     0.9037350311634091,
     0.4280922721190745,
     1.9264152245358357
    ],
    [
     -0.2814556516509195,
     -0.4107863153484832,
     0.8672008529032779,
     3.902403838064751
    ],
    [
     0.0,
     0.0,
     0.0,
     1.0
    ]
   ],
   "rotation_degree": [
    -25.3465517305573,
    16.347101769595753,
    5.386140184407966e-15
   ],
   "translation": [
    1.1446259945213768,
    1.9264152245358357,
    3.902403838064751
   ]
  },
  {
   "file_path": "train/UD-10.762166571395532_LR22.11335692832727-D4.5.png",
   "transform_matrix": [
    [
     0.9264408994014418,
     -0.07029368570378589,
     -0.3698189525516839,
     -1.6641852864825757
    ],
    [
     2.0816681711721682e-17,
     0.9824107678068811,
     -0.18673265193076005,
     -0.8402969336884207
    ],
    [
     0.37644024747129157,
     0.17299676600234976,
     0.910145515308668,
     4.095654818889008
    ],
    [
     0.0,
     0.0,
     0.0,
     1.0
    ]
   ],
   "rotation_degree": [
    10.762166571395527,
    -22.11335692832731,
    8.582724174630081e-16
   ],
   "translation": [
    -1.6641852864825757,
    -0.8402969336884207,
    4.095654818889008
   ]
  },
  {
   "file_path": "train/UD-23.609007407923762_LR13.650422447735963-D4.5.png",
   "transform_matrix": [
    [
     0.9717536902982892,
     -0.09451532119629229,
     -0.21624435125759547,
     -0.9730995806591796
    ],
    [
     5.551115123125782e-17,
     0.9162997797975394,
     -0.4004930880089953,
     -1.8022188960404786
    ],
    [
     0.2359973842898616,
     0.38918063621169874,
     0.8904176924377687,
     4.006879615969959
    ],
    [
     0.0,
     0.0,
     0.0,
     1.0
    ]
   ],
   "rotation_degree": [
    23.609007407923773,
    -13.650422447735963,
    3.273004994184498e-15
   ],
   "translation": [
    -0.9730995806591796,
    -1.8022188960404786,
    4.006879615969959
   ]
  },
  {
   "file_path": "train/UD8.40573836227162_LR25.054367811046234-D4.5.png",
   "transform_matrix": [
    [
     0.9059063577426656,
     0.06190491560482567,
     -0.41892893481517457,
     -1.8851802066682841
    ],
    [
     5.585809592645318e-16,
     0.9892576973018512,
     0.14618210673348195,
     0.6578194803006695
    ],
    [
     0.42347806436864865,
     -0.1324272998780785,
     0.8961748374316163,
     4.032786768442274
    ],
    [
     0.0,
     0.0,
     0.0,
     1.0
    ]
   ],
   "rotation_degree": [
    -8.405738362271624,
    -25.05436781104625,
    3.4231361640446935e-14
   ],
   "translation": [
    -1.8851802066682841,
    0.6578194803006695,
    4.032786768442274
   ]
  },
  {
   "file_path": "train/UD-17.335901875514683_LR-9.609030085737711-D4.5.png",
   "transform_matrix": [
    [
     0.985969741281971,
     0.04973889987426344,
     0.15934149213453988,
     0.717036714605429
    ],
    [
     -2.4980018054066027e-16,
     0.9545742752176174,
     -0.29797307444257615,
     -1.340878834991592
    ],
    [
     -0.1669241422813478,
     0.29379243511714015,
     0.941181351170739,
     4.2353160802683245
    ],
    [
     0.0,
     0.0,
     0.0,
     1.0
    ]
   ],
   "rotation_degree": [
    17.335901875514683,
    9.609030085737723,
    -1.451616156899149e-14
   ],
   "translation": [
    0.717036714605429,
    -1.340878834991592,
    4.2353160802683245
   ]
  },
  {
   "file_path": "train/UD22.758777301361647_LR4.1383121186672795-D4.5.png",
   "transform_matrix": [
    [
     0.9973927515621177,
     0.02791695517621568,
     -0.0665457943452286,
     -0.29945607455353107
    ],
    [
     -8.847089727481719e-17,
     0.9221417195113856,
     0.38685223165517046,
     1.740835042448265
    ],
    [
     0.07216438963469654,
     -0.38584361177849624,
     0.919737466953683,
     4.1388186012915735
    ],
    [
     0.0,
     0.0,
     0.0,
     1.0
    ]
   ],
   "rotation_degree": [
    -22.758777301361672,
    -4.138312118667248,
    -5.082259737343583e-15
   ],
   "translation": [
    -0.29945607455353107,
    1.740835042448265,
    4.1388186012915735
   ]
  },
  {
   "file_path": "train/UD11.496233416696512_LR22.224340155545875-D4.5.png",
   "transform_matrix": [
    [
     0.92570998851278,
     0.07538338087082834,
     -0.37064587284381406,
     -1.6679064277971631
    ],
    [
     2.2204460492503136e-16,
     0.9799378088078757,
     0.19930351444171543,
     0.8968658149877198
    ],
    [
     0.3782340772163042,
     -0.18449725406439704,
     0.9071382177347775,
     4.082121979806498
    ],
    [
     0.0,
     0.0,
     0.0,
     1.0
    ]
   ],
   "rotation_degree": [
    -11.496233416696507,
    -22.224340155545868,
    1.3743201308968517e-14
   ],
   "translation": [
    -1.6679064277971631,
    0.8968658149877198,
    4.082121979806498
   ]
  },
  {
   "file_path": "train/UD-2.446121029710177_LR14.453384742989037-D4.5.png",
   "transform_matrix": [
    [
     0.9683510265300441,
     -0.01065257156622797,
     -0.24936481736050112,
     -1.1221416781222595
    ],
    [
     8.673617379884035e-19,
     0.9990887980170162,
     -0.04267989780814506,
     -0.19205954013665266
    ],
    [
     0.2495922463102764,
     0.041329122854714656,
     0.9674686631544456,
     4.353608984195004
    ],
    [
     0.0,
     0.0,
     0.0,
     1.0
    ]
   ],
   "rotation_degree": [
    2.4461210297101794,
    -14.453384742988973,
    5.132040503529694e-17
   ],
   "translation": [
    -1.1221416781222595,
    -0.19205954013665266,
    4.353608984195004
   ]
  },
  {
   "file_path": "train/UD-15.118363578404495_LR18.330362428524488-D4.5.png",
   "transform_matrix": [
    [
     0.9492589520938697,
     -0.08202481783871327,
     -0.30361055832789346,
     -1.3662475124755196
    ],
    [
     -2.0816681711721694e-17,
     0.9653890883193894,
     -0.2608139339718226,
     -1.173662702873202
    ],
    [
     0.31449553553214293,
     0.24757996165357196,
     0.9164042343409193,
     4.123819054534137
    ],
    [
     0.0,
     0.0,
     0.0,
     1.0
    ]
   ],
   "rotation_degree": [
    15.118363578404495,
    -18.330362428524502,
    -2.094103691653283e-15
   ],
   "translation": [
    -1.3662475124755196,
    -1.173662702873202,
    4.123819054534137
   ]
  },
  {
