{
  "frames": [
    {
      "file_path": "images/000.png",
      "transform_matrix": [
        [
          -0.999580374643777,
          0.0163209887229992,
          -0.023931150288072554,
          -0.3383057278326501
        ],
        [
          0.0157025204526502,
          0.9995435920749051,
          0.025807719648010617,
          0.4572582008302353
        ],
        [
          -0.024341435422765935,
          -0.025421110697606126,
          0.9993804388982505,
          0.017218733762667696
        ]
      ]
    },
    {
      "file_path": "images/002.png",
      "transform_matrix": [
        [
          -0.9996425607675412,
          0.015021632726363428,
          -0.02211563366370169,
          -0.30905995227989724
        ],
        [
          0.014432277903939182,
          0.9995427290617668,
          0.02657145337123137,
          0.4751080863022461
        ],
        [
          -0.022504667440694997,
          -0.026242776720276795,
          0.9994022496539589,
          0.029139466235175923
        ]
      ]
    },
    {
      "file_path": "images/027.png",
      "transform_matrix": [
        [
          -0.9995221645015993,
          0.011658633332556357,
          -0.028627241202298474,
          -0.4644445976796413
        ],
        [
          0.012160472879100987,
          0.9997743239872046,
          -0.017419069874282992,
          -0.34255991270197717
        ],
        [
          -0.028417698171988165,
          0.017758867214591967,
          0.999438370819262,
          0.22525109197329105
        ]
      ]
    },
    {
      "file_path": "images/029.png",
      "transform_matrix": [
        [
          -0.9995165481413811,
          0.010376679561774587,
          -0.029308608169119742,
          -0.4833203064692376
        ],
        [
          0.011071127384942717,
          0.9996594144356283,
          -0.02363229291971261,
          -0.4554658176581925
        ],
        [
          -0.029053401349327664,
          0.02394534717829283,
          0.9992910087749945,
          0.2395253253678671
        ]
      ]
    },
    {
      "file_path": "images/038.png",
      "transform_matrix": [
        [
          -0.9995845996585243,
          0.004000068947134531,
          -0.028541681343708287,
          -0.503110515186562
        ],
        [
          0.005284523841200178,
          0.9989698430701929,
          -0.045070239006317014,
          -0.8488001150242035
        ],
        [
          -0.028331994869394608,
          0.04520234600917218,
          0.998576009115975,
          0.2260909652588131
        ]
      ]
    },
    {
      "file_path": "images/045.png",
      "transform_matrix": [
        [
          -0.9996545020979489,
          0.0017663820933633476,
          -0.026225108762446027,
          -0.47464011385462807
        ],
        [
          0.003436525909979108,
          0.9979582475498313,
          -0.06377716234624964,
          -1.1932891868251783
        ],
        [
          -0.026058908744840424,
          0.06384525073621442,
          0.997619525286799,
          0.24823367010283817
        ]
      ]
    },
    {
      "file_path": "images/048.png",
      "transform_matrix": [
        [
          -0.9996708893326738,
          0.0010633935382926834,
          -0.025631664304212664,
          -0.4656499293366663
        ],
        [
          0.002966432495282404,
          0.9972298489850677,
          -0.0743224634378462,
          -1.3885564493855642
        ],
        [
          -0.025481626695956144,
          0.074374037724207,
          0.9969048044891381,
          0.2595420095330397
        ]
      ]
    },
    {
      "file_path": "images/049.png",
      "transform_matrix": [
        [
          -0.9996866220352443,
          0.0009554055369851931,
          -0.02501489404380861,
          -0.4549313108108032
        ],
        [
          0.002846121131780592,
          0.9971297974415914,
          -0.07565756174100902,
          -1.413801943697397
        ],
        [
          -0.024870812577523587,
          0.07570504774683956,
          0.9968200381349598,
          0.2653570544991239
        ]
      ]
    },
    {
      "file_path": "images/050.png",
      "transform_matrix": [
        [
          -0.9996887563747067,
          0.0010362249038036225,
          -0.024926223459267892,
          -0.4529617759906109
        ],
        [
          0.0029621683866099396,
          0.9969993279390209,
          -0.07735351089375586,
          -1.444790347573684
        ],
        [
          -0.0247712724025632,
          0.07740327077772473,
          0.9966920877264296,
          0.2703986569109808
        ]
      ]
    },
    {
      "file_path": "images/052.png",
      "transform_matrix": [
        [
          -0.9996990433718274,
          0.0007862961138728892,
          -0.02451947022010178,
          -0.4466350163964824
        ],
        [
          0.0027888562721023378,
          0.9966493373067389,
          -0.08174546303454465,
          -1.5262513563907794
        ],
        [
          -0.024373037606065958,
          0.08178924247393332,
          0.9963515819495615,
          0.2723468267056375
        ]
      ]
    },
    {
      "file_path": "images/063.png",
      "transform_matrix": [
        [
          -0.9996537225825903,
          0.00015754681485854002,
          -0.026313686662478977,
          -0.48694267253354134
        ],
        [
          0.003276522010718574,
          0.9929451074111998,
          -0.11852965060133398,
          -2.220968833973743
        ],
        [
          -0.026109372460541305,
          0.11857482383357001,
          0.9926017891493824,
          0.33317041110638373
        ]
      ]
    },
    {
      "file_path": "images/067.png",
      "transform_matrix": [
        [
          -0.9996203587052855,
          -0.0012030782502092786,
          -0.027526188705309464,
          -0.5149329607000278
        ],
        [
          0.0024323914627937416,
          0.9912920841170365,
          -0.13165898161035075,
          -2.478996573291732
        ],
        [
          -0.02744488902670516,
          0.13167595289052147,
          0.990912822349517,
          0.3643116685853892
        ]
      ]
    },
    {
      "file_path": "images/074.png",
      "transform_matrix": [
        [
          -0.9996374464080588,
          -0.001961556767067016,
          -0.026853827172758693,
          -0.5099955797135649
        ],
        [
          0.002139497856048644,
          0.9884025149107506,
          -0.15184166446343944,
          -2.883246868548633
        ],
        [
          -0.026840236356984327,
          0.15184406742824474,
          0.9880399692821885,
          0.4281985662268222
        ]
      ]
    },
    {
      "file_path": "images/078.png",
      "transform_matrix": [
        [
          -0.9995710027735804,
          -0.003167114124153975,
          -0.029116658502366152,
          -0.5617387850843645
        ],
        [
          0.0015202210588202425,
          0.9871857038838435,
          -0.1595684021831799,
          -3.046349911074614
        ],
        [
          -0.02924892035872685,
          0.15954421153863693,
          0.9867573892413289,
          0.48544636891982323
        ]
      ]
    },
    {
      "file_path": "images/081.png",
      "transform_matrix": [
        [
          -0.9995108748833099,
          -0.004635763154296348,
          -0.03092766867996368,
          -0.607901797156035
        ],
        [
          0.0006504556000346867,
          0.9856566544084829,
          -0.1687617744863724,
          -3.227883213843991
        ],
        [
          -0.0312664020557646,
          0.16869934593902283,
          0.9851715296242749,
          0.4995485640320426
        ]
      ]
    },
    {
      "file_path": "images/087.png",
      "transform_matrix": [
        [
          -0.9994659522802184,
          -0.007523576181042295,
          -0.031799465939608945,
          -0.6427531758772129
        ],
        [
          -0.0014466273964125207,
          0.98236745886548,
          -0.18695476199165328,
          -3.579986110984963
        ],
        [
          -0.032645328942625854,
          0.18680891724868978,
          0.9818537115755078,
          0.5034041193991359
        ]
      ]
    },
    {
      "file_path": "images/089.png",
      "transform_matrix": [
        [
          -0.999415559976596,
          -0.00894524692081594,
          -0.03299274214418202,
          -0.6697287815935806
        ],
        [
          -0.002431235321147895,
          0.9813108973047031,
          -0.19241364797189425,
          -3.685003490444214
        ],
        [
          -0.03409732499009349,
          0.19222098061492787,
          0.9807591279411859,
          0.4952768712432712
        ]
      ]
    },
    {
      "file_path": "images/091.png",
      "transform_matrix": [
        [
          -0.9994131984012368,
          -0.01039461236821916,
          -0.032637568768592556,
          -0.6669149543731838
        ],
        [
          -0.0036919019514628903,
          0.979980666239491,
          -0.1990584428171403,
          -3.8087963377468648
        ],
        [
          -0.03405332173798803,
          0.19882114030082013,
          0.9794439879074713,
          0.4797310453852677
        ]
      ]
    },
    {
      "file_path": "images/095.png",
      "transform_matrix": [
        [
          -0.9994496646743529,
          -0.012586980012228542,
          -0.030690971253706633,
          -0.634003856655043
        ],
        [
          -0.005702529260863727,
          0.976633820515935,
          -0.21483449859014234,
          -4.107952236290593
        ],
        [
          -0.03267795805054349,
          0.21454125141478186,
          0.9761681220461087,
          0.44077435255586705
        ]
      ]
    },
    {
      "file_path": "images/104.png",
      "transform_matrix": [
        [
          -0.9994768046988869,
          -0.015054021729673017,
          -0.028626793370299726,
          -0.5964654030631644
        ],
        [
          -0.007646909709490998,
          0.9699719907504468,
          -0.2430964046042437,
          -4.648402236194817
        ],
        [
          -0.03142676631150898,
          0.24275031120346227,
          0.9695796227076063,
          0.38422596941786735
        ]
      ]
    },
    {
      "file_path": "images/112.png",
      "transform_matrix": [
        [
          -0.9993910289602977,
          -0.018168126597965868,
          -0.02979077725736232,
          -0.6300442679651795
        ],
        [
          -0.010384989974732192,
          0.9699362139029534,
          -0.24313760084123054,
          -4.640015013240493
        ],
        [
          -0.03331250841504139,
          0.24268016016049837,
          0.9695342266509073,
          0.3683648131248205
        ]
      ]
    },
    {
      "file_path": "images/117.png",
      "transform_matrix": [
        [
          -0.9993435600176059,
          -0.018187794238923718,
          -0.03133134520029824,
          -0.6675249167075228
        ],
        [
          -0.010302709329676708,
          0.9718144533394976,
          -0.2355218088859762,
          -4.488931688467159
        ],
        [
          -0.03473187630701617,
          0.23504440521139122,
          0.9713638990342485,
          0.3740534342114718
        ]
      ]
    },
    {
      "file_path": "images/129.png",
      "transform_matrix": [
        [
          -0.9992990852696216,
          -0.017727408272436213,
          -0.032970853419951235,
          -0.7110297297259478
        ],
        [
          -0.010201306756635733,
          0.9763873133539455,
          -0.2157863472556158,
          -4.125342401911433
        ],
        [
          -0.03601765566711093,
          0.21529875363644477,
          0.9758837918332484,
          0.48116600369364154
        ]
      ]
    },
    {
      "file_path": "images/131.png",
      "transform_matrix": [
        [
          -0.9993434431663959,
          -0.01603446449988665,
          -0.03248966833524796,
          -0.6984492204647508
        ],
        [
          -0.009457333047539491,
          0.9810944379692197,
          -0.19329837722414855,
          -3.6945685931688286
        ],
        [
          -0.03497486886266277,
          0.19286420023960688,
          0.9806019369825741,
          0.5482192511841958
        ]
      ]
    },
    {
      "file_path": "images/132.png",
      "transform_matrix": [
        [
          -0.9993581371649851,
          -0.015417404794589586,
          -0.03233600642520242,
          -0.6924450511253872
        ],
        [
          -0.009248825581423741,
          0.9830905471316989,
          -0.18288640016595495,
          -3.4943255679436747
        ],
        [
          -0.03460885591139019,
          0.18246994209923226,
          0.9826021307339038,
          0.5639845275211611
        ]
      ]
    },
    {
      "file_path": "images/141.png",
      "transform_matrix": [
        [
          -0.9993757274631003,
          -0.009731371965990417,
          -0.03396256405600875,
          -0.6946767967948944
        ],
        [
          -0.00496684767639264,
          0.9904687810950777,
          -0.13764782635476358,
          -2.628531953581552
        ],
        [
          -0.03497836162198675,
          0.13739320971464045,
          0.9898987928786209,
          0.5933056185592352
        ]
      ]
    },
    {
      "file_path": "images/142.png",
      "transform_matrix": [
        [
          -0.9993850291602873,
          -0.009495674369572122,
          -0.033754935321510186,
          -0.6896000996495595
        ],
        [
          -0.0048755655037611995,
          0.9909144811826255,
          -0.13440505884670909,
          -2.5676992709647997
        ],
        [
          -0.03472452089389886,
          0.13415782925657324,
          0.9903513944544399,
          0.591461497906013
        ]
      ]
    },
    {
      "file_path": "images/143.png",
      "transform_matrix": [
        [
          -0.9993958512501943,
          -0.009622667284093086,
          -0.03339665818969518,
          -0.6828936822674467
        ],
        [
          -0.005161787993378215,
          0.9913461160808653,
          -0.13117253552514269,
          -2.506363631905384
        ],
        [
          -0.034369877052603866,
          0.13092090133253376,
          0.9907968657326617,
          0.5899207585967924
        ]
      ]
    },
    {
      "file_path": "images/147.png",
      "transform_matrix": [
        [
          -0.9993834087754544,
          -0.009528300484195566,
          -0.03379369400104447,
          -0.6882477247127787
        ],
        [
          -0.005206212492144751,
          0.9920483925527378,
          -0.12574928303976965,
          -2.4050247801345153
        ],
        [
          -0.03472315676663034,
          0.12549580998349044,
          0.9914863105765745,
          0.5960188623009024
        ]
      ]
    },
    {
      "file_path": "images/148.png",
      "transform_matrix": [
        [
          -0.9993794804592475,
          -0.009451379804150955,
          -0.033931187082129784,
          -0.6905441148164715
        ],
        [
          -0.005113564304400025,
          0.9920524209833267,
          -0.12572130082537825,
          -2.4036386994402985
        ],
        [
          -0.034849756055237595,
          0.12546977899445816,
          0.9914851633090493,
          0.5914712719400087
        ]
      ]
    },
    {
      "file_path": "images/151.png",
      "transform_matrix": [
        [
          -0.9993919867723957,
          -0.009895603410807731,
          -0.03343252620218391,
          -0.682476926767799
        ],
        [
          -0.005649220981018853,
          0.9921661473762655,
          -0.12479752522725177,
          -2.384804396224796
        ],
        [
          -0.03440556753537601,
          0.12453277895267151,
          0.9916187996850876,
          0.5903789264425852
        ]
      ]
    },
    {
      "file_path": "images/164.png",
      "transform_matrix": [
        [
          -0.9992467572133948,
          -0.013890865666347185,
          -0.0362348181940331,
          -0.7576241868116509
        ],
        [
          -0.009352257649586708,
          0.9924190597859337,
          -0.12254364549196216,
          -2.3320366111922897
        ],
        [
          -0.037662361521429884,
          0.12211246301931451,
          0.9918014382425477,
          0.5778784661664079
        ]
      ]
    },
    {
      "file_path": "images/166.png",
      "transform_matrix": [
        [
          -0.9992546957473745,
          -0.013808864094635357,
          -0.03604675157678075,
          -0.7557733214865976
        ],
        [
          -0.009376465141057682,
          0.9926866634828314,
          -0.12035476743686763,
          -2.2888022581456604
        ],
        [
          -0.03744509217882611,
          0.11992707540726512,
          0.9920762882238339,
          0.5724499383690211
        ]
      ]
    },
    {
      "file_path": "images/167.png",
      "transform_matrix": [
        [
          -0.9992548448635923,
          -0.013997227454822018,
          -0.035969885184915416,
          -0.7549605854542463
        ],
        [
          -0.009594947898163262,
          0.9927555862100491,
          -0.11976762093142529,
          -2.2746199539091063
        ],
        [
          -0.037385719084558934,
          0.11933324629926072,
          0.9921501319539351,
          0.5637082019034335
        ]
      ]
    },
    {
      "file_path": "images/178.png",
      "transform_matrix": [
        [
          -0.9994866384164685,
          -0.01037277353190442,
          -0.030312789317439075,
          -0.6300286661116387
        ],
        [
          -0.007127853498558082,
          0.9944193031533723,
          -0.10525893415983463,
          -1.9785535613064327
        ],
        [
          -0.031235449915932367,
          0.10498883314532613,
          0.9939827420953204,
          0.5113053791368818
        ]
      ]
    },
    {
      "file_path": "images/179.png",
      "transform_matrix": [
        [
          -0.9994901544670534,
          -0.010210561183146461,
          -0.030251868764611833,
          -0.6279322600231394
        ],
        [
          -0.0070199369947268496,
          0.9945779115688619,
          -0.103756919306193,
          -1.9495899053462868
        ],
        [
          -0.031147256829713598,
          0.10349165309167212,
          0.9941425079596674,
          0.5062942882239816
        ]
      ]
    },
    {
      "file_path": "images/180.png",
      "transform_matrix": [
        [
          -0.9994976455368659,
          -0.010269133925819072,
          -0.02998335295918949,
          -0.6225454447871087
        ],
        [
          -0.007188026798228681,
          0.9948486042348292,
          -0.10111669952465953,
          -1.8994767679890296
        ],
        [
          -0.030867277771285426,
          0.10085038195478452,
          0.9944226524082026,
          0.5028343138017383
        ]
      ]
    },
    {
      "file_path": "images/183.png",
      "transform_matrix": [
        [
          -0.9995020978009433,
          -0.009288444853513383,
          -0.030154291298536508,
          -0.6209218642060372
        ],
        [
          -0.006449559070732779,
          0.9956533490928866,
          -0.09291292497770133,
          -1.7405800347128084
        ],
        [
          -0.03088623770074436,
          0.09267218154506814,
          0.995217517474633,
          0.49126079247848736
        ]
      ]
    },
    {
      "file_path": "images/184.png",
      "transform_matrix": [
        [
          -0.999528340703244,
          -0.008918479486481605,
          -0.02938633789142741,
          -0.6053912176787942
        ],
        [
          -0.00625319702173301,
          0.9959606759503731,
          -0.08957248175351447,
          -1.6766738751467842
        ],
        [
          -0.030066487291124065,
          0.0893464754991796,
          0.9955466908477208,
          0.484317332527242
        ]
      ]
    },
    {
      "file_path": "images/187.png",
      "transform_matrix": [
        [
          -0.9995852207788183,
          -0.0073679643892801865,
          -0.027840608853245456,
          -0.570348515937744
        ],
        [
          -0.005081837853118158,
          0.9966758396250263,
          -0.08131079652656233,
          -1.5157611145013312
        ],
        [
          -0.028347157257752068,
          0.08113558903778108,
          0.99629988199683,
          0.46682022996435013
        ]
      ]
    },
    {
      "file_path": "images/197.png",
      "transform_matrix": [
        [
          -0.9995462452861006,
          -0.003224710936303493,
          -0.029948368467011637,
          -0.5927417066100127
        ],
        [
          -0.002167955798408184,
          0.9993761187597165,
          -0.03525157046744489,
          -0.6521878561874276
        ],
        [
          -0.030043360366556224,
          0.035170648162102,
          0.9989296381656435,
          0.38588117182917503
        ]
      ]
    },
    {
      "file_path": "images/201.png",
      "transform_matrix": [
        [
          -0.9995026127441821,
          -0.002518594753017143,
          -0.03143539085209194,
          -0.6177708665309865
        ],
        [
          -0.0019432401869282025,
          0.9998302878739029,
          -0.018319914507577147,
          -0.3392621203949949
        ],
        [
          -0.03147619632563024,
          0.01824971590077784,
          0.9993378792652721,
          0.34010878813305395
        ]
      ]
    },
    {
      "file_path": "images/202.png",
      "transform_matrix": [
        [
          -0.999496867552246,
          -0.002653544895903897,
          -0.03160649383803002,
          -0.6214358213921805
        ],
        [
          -0.0021975399234100282,
          0.9998931266898379,
          -0.014453581449082216,
          -0.26666667862698457
        ],
        [
          -0.03164146917469268,
          0.014376852851220841,
          0.9993958792843615,
          0.33418216203156503
        ]
      ]
    },
    {
      "file_path": "images/207.png",
      "transform_matrix": [
        [
          -0.9994727685567912,
          -0.0030869512938730558,
          -0.032321133104089156,
          -0.6368964397881887
        ],
        [
          -0.003265127968322176,
          0.9999797559799226,
          0.005461370678237751,
          0.10244249681015594
        ],
        [
          -0.03230361980914017,
          -0.0055640239075592,
          0.9994626145010043,
          0.26602355612256007
        ]
      ]
    },
    {
      "file_path": "images/223.png",
      "transform_matrix": [
        [
          -0.9995527726315562,
          0.002061442901970283,
          -0.029832954559186994,
          -0.5827512719601677
        ],
        [
          0.0009763354886944686,
          0.9993389440365262,
          0.036341734974740046,
          0.6743087061699827
        ],
        [
          -0.029888149718276566,
          -0.03629635498397388,
          0.9988940249702646,
          0.15889930188093468
        ]
      ]
    },
    {
      "file_path": "images/228.png",
      "transform_matrix": [
        [
          -0.9995511221467678,
          0.00739492611217958,
          -0.029032211127178104,
          -0.5412907863267629
        ],
        [
          0.0059714394614809145,
          0.9987899672344285,
          0.04881539985094057,
          0.9027272238570531
        ],
        [
          -0.029358067475491433,
          -0.04862012360787192,
          0.9983857908917072,
          0.130222749730388
        ]
      ]
    },
    {
      "file_path": "images/235.png",
      "transform_matrix": [
        [
          -0.9995993405868626,
          0.011945026657312622,
          -0.02566076063692418,
          -0.4471283088050815
        ],
        [
          0.010763764653724524,
          0.9988977324034337,
          0.04568874664244795,
          0.8518805266895966
        ],
        [
          -0.0261782289085541,
          -0.04539423462769979,
          0.9986260880799064,
          0.1290655677974021
        ]
      ]
    },
    {
      "file_path": "images/242.png",
      "transform_matrix": [
        [
          -0.9996433698306445,
          0.010980108340270996,
          -0.024342768422445885,
          -0.4215681252963203
        ],
        [
          0.009975226247220229,
          0.9991083464490949,
          0.04102446729784903,
          0.7703958510286331
        ],
        [
          -0.02477151620207544,
          -0.0407670121126313,
          0.9988615633352097,
          0.1354168676546245
        ]
      ]
    },
    {
      "file_path": "images/245.png",
      "transform_matrix": [
        [
          -0.9996279718347336,
          0.009972522688454456,
          -0.025386349024722525,
          -0.4474491563947703
        ],
        [
          0.009014841294574374,
          0.9992535921002599,
          0.037563164285790526,
          0.7084391793763462
        ],
        [
          -0.025741999961355094,
          -0.037320335823193135,
          0.998971742329098,
          0.12898278084856943
        ]
      ]
    },
    {
      "file_path": "images/249.png",
      "transform_matrix": [
        [
          -0.9996087664555939,
          0.008228153068735759,
          -0.026732218804347473,
          -0.4827546619268076
        ],
        [
          0.007259564109078962,
          0.9993207235984403,
          0.036130182889605254,
          0.6831206875777925
        ],
        [
          -0.02701134491416943,
          -0.03592198329390522,
          0.99898948861445,
          0.12075961829300474
        ]
      ]
    },
    {
      "file_path": "images/259.png",
      "transform_matrix": [
        [
          -0.999557891695796,
          0.005233055688561733,
          -0.029268349403681542,
          -0.556175303095438
        ],
        [
          0.004196361189070335,
          0.999365466232752,
          0.035370262285786165,
          0.6693460462770555
        ],
        [
          -0.029434872199933855,
          -0.03523180423360197,
          0.9989455982529876,
          0.14688920340749947
        ]
      ]
    },
    {
      "file_path": "images/260.png",
      "transform_matrix": [
        [
          -0.999540939588048,
          0.005111394542492695,
          -0.029862748253853027,
          -0.567134489072681
        ],
        [
          0.0040693984341387225,
          0.9993842689673891,
          0.034850006268312465,
          0.6593709700194343
        ],
        [
          -0.03002249296487978,
          -0.03471248458909508,
          0.9989462915141261,
          0.1463855092797623
        ]
      ]
    },
    {
      "file_path": "images/261.png",
      "transform_matrix": [
        [
          -0.9995304960760751,
          0.005144960753528833,
          -0.030204582313944805,
          -0.5733457890541017
        ],
        [
          0.004082099007375143,
          0.9993738671135818,
          0.0351455573030152,
          0.6624231161937653
        ],
        [
          -0.03036649274462241,
          -0.03500575823047098,
          0.9989256594006888,
          0.14874464530604434
        ]
      ]
    },
    {
      "file_path": "images/265.png",
      "transform_matrix": [
        [
          -0.9995467362644197,
          0.0052872105601112435,
          -0.0296372641726594,
          -0.560244572658245
        ],
        [
          0.004280873679037495,
          0.9994155078894444,
          0.033916319237627994,
          0.6381777038095604
        ],
        [
          -0.02979926414680533,
          -0.03377407281595779,
          0.9989851429634635,
          0.16308741830796714
        ]
      ]
    },
    {
      "file_path": "images/266.png",
      "transform_matrix": [
        [
          -0.9995470065431882,
          0.005320893622389012,
          -0.02962211676451815,
          -0.5591712538862254
        ],
        [
          0.004312034646200736,
          0.9994119203688336,
          0.03401793323955276,
          0.6382670139152228
        ],
        [
          -0.0297857024050381,
          -0.033874791744598585,
          0.9989821371858952,
          0.16854277155461475
        ]
      ]
    },
    {
      "file_path": "images/270.png",
      "transform_matrix": [
        [
          -0.9995334643435064,
          0.007887368381862206,
          -0.02950666157797661,
          -0.5472917833975094
        ],
        [
          0.006676383210554449,
          0.999140250263481,
          0.04091682063229034,
          0.7637073730486313
        ],
        [
          -0.029804019270800845,
          -0.04070073369655631,
          0.9987267748047349,
          0.15945192864048022
        ]
      ]
    },
    {
      "file_path": "images/277.png",
      "transform_matrix": [
        [
          -0.9994539819774398,
          0.010695575695736422,
          -0.03126247862817199,
          -0.5718657334071828
        ],
        [
          0.008638377965393136,
          0.997833919374323,
          0.06521386181023642,
          1.2071722116055816
        ],
        [
          -0.03189226137430754,
          -0.06490819675984207,
          0.9973814764962395,
          0.09181941774811817
        ]
      ]
    },
    {
      "file_path": "images/281.png",
      "transform_matrix": [
        [
          -0.9994139254196542,
          0.012637555711614172,
          -0.03181348555116195,
          -0.5775675508049258
        ],
        [
          0.009834113882437745,
          0.9961785836260504,
          0.08678432882118585,
          1.6010182672094264
        ],
        [
          -0.03278865476693711,
          -0.08642060929218395,
          0.9957190278427659,
          0.007051863576421333
        ]
      ]
    },
    {
      "file_path": "images/282.png",
      "transform_matrix": [
        [
          -0.9994100981983224,
          0.013316239301624032,
          -0.03165649048902321,
          -0.5724214358750235
        ],
        [
          0.01040419794645905,
          0.9958479148734162,
          0.09043607193681198,
          1.6671010443356518
        ],
        [
          -0.03272931842111339,
          -0.0900533631417018,
          0.9953990071838321,
          -0.016558700803573703
        ]
      ]
    },
    {
      "file_path": "images/287.png",
      "transform_matrix": [
        [
          -0.9994349667865494,
          0.01397301091415479,
          -0.030569627579701008,
          -0.5459218889504176
        ],
        [
          0.010810946590203083,
          0.9948010945547623,
          0.10126157072883502,
          1.865999954603238
        ],
        [
          -0.03182562800939648,
          -0.10087386796708052,
          0.9943900603702592,
          -0.10178614027553115
        ]
      ]
    },
    {
      "file_path": "images/303.png",
      "transform_matrix": [
        [
          -0.9995145083176625,
          0.014851949852067019,
          -0.027389181223493604,
          -0.4755830236034242
        ],
        [
          0.010820417870625517,
          0.989826251186922,
          0.1418693448858826,
          2.615504026244678
        ],
        [
          -0.029217566969320635,
          -0.14150410611298933,
          0.9895064030786044,
          -0.38083788801343604
        ]
      ]
    },
    {
      "file_path": "images/304.png",
      "transform_matrix": [
        [
          -0.9995205003083427,
          0.014913687827369815,
          -0.02713579515599699,
          -0.4695119354972955
        ],
        [
          0.010788802750573437,
          0.9891877513797217,
          0.14625728787154335,
          2.695046773801159
        ],
        [
          -0.02902363172605536,
          -0.14589439480568828,
          0.988874336994197,
          -0.41477928552849536
        ]
      ]
    },
    {
      "file_path": "images/310.png",
      "transform_matrix": [
        [
          -0.9995379418048687,
          0.014303797777540449,
          -0.026819848277468104,
          -0.46377310731840504
        ],
        [
          0.009763981277020143,
          0.986686789319222,
          0.16233867207953684,
          2.984665748266352
        ],
        [
          -0.0287848495238238,
          -0.16200179366928202,
          0.9863705446158794,
          -0.5600739168639671
        ]
      ]
    },
    {
      "file_path": "images/311.png",
      "transform_matrix": [
        [
          -0.9995095251829059,
          0.014412329624874126,
          -0.027802766470730142,
          -0.4800558673068204
        ],
        [
          0.009654034197314715,
          0.9863714582799056,
          0.1642502539251909,
          3.0187535886321406
        ],
        [
          -0.029791084108488883,
          -0.16390128445365085,
          0.9860268050423804,
          -0.5774080386672712
        ]
      ]
    },
    {
      "file_path": "images/312.png",
      "transform_matrix": [
        [
          -0.9995130684878495,
          0.014154705940216646,
          -0.027807736724688628,
          -0.4810848497283414
        ],
        [
          0.009327838634775142,
          0.9859793357545107,
          0.1666065451640418,
          3.0600187570785744
        ],
        [
          -0.029776120439157238,
          -0.1662660331061047,
          0.9856312641585355,
          -0.5957410636785426
        ]
      ]
    },
    {
      "file_path": "images/324.png",
      "transform_matrix": [
        [
          -0.999495234662049,
          0.01051739371176475,
          -0.029977663640905053,
          -0.5315456360193069
        ],
        [
          0.004667533594002269,
          0.9819854339673071,
          0.18889897195641064,
          3.4616295681158546
        ],
        [
          -0.031424353899553295,
          -0.18866370055087886,
          0.9815388520463386,
          -0.7264984540778547
        ]
      ]
    },
    {
      "file_path": "images/338.png",
      "transform_matrix": [
        [
          -0.9994457270379659,
          0.013727410623181065,
          -0.03032815363873032,
          -0.5364780761540091
        ],
        [
          0.0075270132399731255,
          0.9806136908940446,
          0.19580636685982503,
          3.5986970340409865
        ],
        [
          -0.03242811707819505,
          -0.19546955627089788,
          0.9801734896404929,
          -0.7381046319698608
        ]
      ]
    },
    {
      "file_path": "images/344.png",
      "transform_matrix": [
        [
          -0.999493537593096,
          0.01611716355993621,
          -0.027439120766179555,
          -0.4693897211005437
        ],
        [
          0.01024808241316257,
          0.9793422414003531,
          0.20194987253223526,
          3.707341818614651
        ],
        [
          -0.030127149159715566,
          -0.20156639414276198,
          0.9790114113920192,
          -0.7844794036404055
        ]
      ]
    },
    {
      "file_path": "images/353.png",
      "transform_matrix": [
        [
          -0.9994950517193215,
          0.01842254399750394,
          -0.025889215153245975,
          -0.4227078864186302
        ],
        [
          0.012637258032505008,
          0.9780308902549161,
          0.20807661429530494,
          3.8190556270279132
        ],
        [
          -0.029153752726037124,
          -0.20764437767451643,
          0.9777698456805427,
          -0.8506042438243288
        ]
      ]
    },
    {
      "file_path": "images/364.png",
      "transform_matrix": [
        [
          -0.9995037845535123,
          0.015736140556993204,
          -0.02728660007359642,
          -0.4568075216079493
        ],
        [
          0.009574259553077174,
          0.9770568026687131,
          0.2127635728051261,
          3.904424905599974
        ],
        [
          -0.030008635710677516,
          -0.21239674724242466,
          0.9767226338851893,
          -0.9149315338033297
        ]
      ]
    },
    {
      "file_path": "images/365.png",
      "transform_matrix": [
        [
          -0.9994981873373935,
          0.015648451228681005,
          -0.02754086932920386,
          -0.46228630335609666
        ],
        [
          0.00943477294275511,
          0.9770601666100996,
          0.21275435573299886,
          3.905001333430468
        ],
        [
          -0.030238362534756192,
          -0.21238775105450025,
          0.9767175050306145,
          -0.9147098862808511
        ]
      ]
    },
    {
      "file_path": "images/370.png",
      "transform_matrix": [
        [
          -0.9994654583536862,
          0.014674918611275714,
          -0.029213769383779196,
          -0.5005287922133466
        ],
        [
          0.008211675597076156,
          0.9776336764333365,
          0.21015461709733477,
          3.8636412357540686
        ],
        [
          -0.0316443666668269,
          -0.20980238670518367,
          0.977231596189493,
          -0.8929231105681497
        ]
      ]
    },
    {
      "file_path": "images/372.png",
      "transform_matrix": [
        [
          -0.9994722291878331,
          0.014019054167878938,
          -0.02930408167034594,
          -0.5062771785969193
        ],
        [
          0.007567111497868897,
          0.9777447418384407,
          0.20966153350307226,
          3.8546665269312923
        ],
        [
          -0.031591168162685104,
          -0.20932913301191294,
          0.9773348004479315,
          -0.8910151702881923
        ]
      ]
    },
    {
      "file_path": "images/377.png",
      "transform_matrix": [
        [
          -0.9994566723430923,
          0.0117927014557511,
          -0.030778113997580018,
          -0.5418375472713949
        ],
        [
          0.005398784353060004,
          0.9797638502013248,
          0.20008410972934726,
          3.6819654473153633
        ],
        [
          -0.03251481564428221,
          -0.19980923409855675,
          0.9792951836563718,
          -0.8413740616241977
        ]
      ]
    },
    {
      "file_path": "images/381.png",
      "transform_matrix": [
        [
          -0.9994347166745201,
          0.010718032464605952,
          -0.03186488483910647,
          -0.5648104181992861
        ],
        [
          0.004734306645676781,
          0.983244104384902,
          0.1822323174766678,
          3.3623557039313767
        ],
        [
          -0.03328413204977058,
          -0.1819784464501771,
          0.9827390353401425,
          -0.7295644544378116
        ]
      ]
    },
    {
      "file_path": "images/384.png",
      "transform_matrix": [
        [
          -0.9994400716303541,
          0.010012193571141444,
          -0.03192646550131545,
          -0.5678165188530149
        ],
        [
          0.004445145596493876,
          0.9854535067639343,
          0.16988709982600406,
          3.1432657844959087
        ],
        [
          -0.03316298991554688,
          -0.16965005743163983,
          0.9849462290466944,
          -0.6387268333761196
        ]
      ]
    },
    {
      "file_path": "images/394.png",
      "transform_matrix": [
        [
          -0.9996060767285462,
          0.009230212548949913,
          -0.026504613629802554,
          -0.4796419227242497
        ],
        [
          0.0059006965042072935,
          0.992382299297997,
          0.12305508449790335,
          2.293230360678045
        ],
        [
          -0.02743853400109314,
          -0.12285021455545812,
